#     DIST   ZZ     XX     YY
#     (kpc)  (kpc)  (kpc)  (kpc)
1     1.11   -0.89  0.62   8.74
2     2.69   -1.90  -1.54  7.38
3     2.54   -1.79  -1.46  7.45
4     4.69   -3.31  -2.69  6.55
5     4.69   -3.31  -2.69  6.55

6     4.69   -3.31  -2.69  6.55
7     4.69   -3.31  -2.69  6.55
8     4.69   -3.31  -2.69  6.55
9     4.69   -3.31  -2.69  6.55
10    4.69   -3.31  -2.69  6.55

11    4.69   -3.31  -2.69  6.55
12    4.69   -3.31  -2.69  6.55
13    4.69   -3.31  -2.69  6.55
14    4.69   -3.31  -2.69  6.55
15    4.69   -3.31  -2.69  6.55

16    4.69   -3.31  -2.69  6.55
17    4.69   -3.31  -2.69  6.55
18    4.69   -3.31  -2.69  6.55
19    4.69   -3.31  -2.69  6.55
20    4.69   -3.31  -2.69  6.55

21    4.69   -3.31  -2.69  6.55
22    4.69   -3.31  -2.69  6.55
23    4.69   -3.31  -2.69  6.55
24    4.69   -3.31  -2.69  6.55
25    4.69   -3.31  -2.69  6.55

26    2.56   -1.81  -1.47  7.44
27    0.32   -0.27  0.16   8.57
28    1.35   -1.25  0.47   8.68
29    2.28   0.27   1.93   9.68
30    1.00   -0.80  -0.52  8.19

31    2.38   -0.61  1.89   9.82
32    0.92   -0.91  -0.02  8.63
33    1.62   -1.08  0.72   9.47
34    1.16   -0.17  0.80   9.32
35    3.15   -0.95  1.95   10.78

36    1.15   -0.57  0.44   9.40
37    0.38   0.09   0.27   8.75
38    1.30   -0.65  0.20   9.61
39    1.60   -0.31  0.69   9.91
40    2.10   -1.26  -0.10  10.18

41    1.34   -0.58  0.07   9.71
42    0.16   -0.10  -0.11  8.53
43    0.82   -0.25  -0.17  9.26
44    13.20  -7.58  -9.76  13.15
45    2.39   0.75   1.31   10.35

46    2.00   -0.20  -0.16  10.48
47    49.70  -26.15 -41.68 1.48
48    1.83   -0.14  -0.40  10.28
49    0.21   0.03   0.02   8.71
50    3.26   -1.02  -2.29  10.58

51    0.78   -0.13  -0.39  9.16
52    0.63   -0.23  -0.51  8.79
53    0.42   -0.01  -0.15  8.89
54    1.64   0.15   -0.20  10.12
55    0.71   -0.20  -0.59  8.84

56    0.21   0.07   0.06   8.69
57    1.25   0.43   0.32   9.63
58    0.91   0.31   0.16   9.34
59    1.20   0.13   -0.61  9.53
60    0.11   -0.04  -0.10  8.48

61    2.68   -0.14  -2.18  10.05
62    1.15   0.38   -0.30  9.55
63    1.10   -0.09  -1.00  8.96
64    0.51   0.23   0.01   8.96
65    0.93   0.46   0.41   9.20

66    1.11   0.40   -0.40  9.46
67    1.69   0.60   -1.09  9.64
68    1.57   0.91   0.32   9.74
69    0.89   0.15   -0.85  8.71
70    0.35   -0.01  -0.35  8.48

71    3.72   1.46   -3.24  9.61
72    5.60   3.24   -4.09  10.53
73    2.17   -0.22  -2.10  7.99
74    0.37   0.07   -0.36  8.47
75    0.70   0.54   0.15   8.92

76    0.26   -0.06  -0.23  8.41
77    0.72   0.56   -0.35  8.78
78    1.37   0.98   -0.85  8.93
79    1.22   0.79   -0.88  8.79
80    1.46   -0.20  -1.36  8.00

81    0.93   -0.34  -0.76  8.08
82    5.95   4.45   -3.64  10.03
83    0.34   0.07   -0.33  8.44
84    2.00   1.77   -0.51  9.28
85    1.69   -0.31  -1.52  7.83

86    2.17   -0.15  -2.02  7.71
87    1.68   0.16   -1.60  8.00
88    0.95   0.37   -0.85  8.30
89    1.05   0.42   -0.93  8.27
90    1.74   0.08   -1.61  7.85

91    0.99   0.02   -0.91  8.12
92    0.88   0.54   0.55   8.93
93    3.83   2.50   2.25   10.33
94    2.17   1.87   -1.10  8.55
95    1.79   -0.12  -1.60  7.70

96    1.27   0.25   -1.12  7.96
97    1.10   -0.03  -0.96  7.97
98    1.61   0.38   -1.37  7.74
99    9.47   0.10   -8.19  3.75
100   0.42   0.31   -0.25  8.38

101   0.71   0.69   -0.13  8.38
102   1.23   1.16   -0.30  8.24
103   1.49   0.76   -1.04  7.76
104   4.70   1.77   -3.52  5.94
105   2.43   1.15   -1.70  7.19

106   1.47   1.31   -0.47  8.03
107   20.60  20.27  -1.66  5.24
108   25.00  20.19  -9.80  -2.53
109   5.94   -0.20  -4.69  4.85
110   9.90   9.71   1.30   7.06

111   9.90   9.71   1.30   7.06
112   9.90   9.71   1.30   7.06
113   9.90   9.71   1.30   7.06
114   0.28   0.20   -0.11  8.34
115   7.00   -0.19  -5.31  3.95

116   0.67   0.16   -0.45  8.03
117   4.40   1.22   -2.78  5.32
118   1.33   0.10   -0.94  7.56
119   2.08   0.57   -1.30  6.98
120   1.56   0.33   -0.98  7.33

121   3.55   0.16   -2.47  5.95
122   4.92   -0.17  -3.66  5.21
123   2.81   -0.03  -1.98  6.51
124   0.65   0.05   -0.43  8.02
125   1.57   0.31   -0.94  7.28

126   1.27   1.11   0.25   7.93
127   1.01   0.39   -0.46  7.69
128   7.73   -1.08  -5.43  3.11
129   3.96   1.80   -1.28  5.21
130   0.91   0.11   -0.52  7.76

131   3.04   0.64   -1.53  5.95
132   8.50   6.20   0.39   2.69
133   8.50   6.20   0.39   2.70
134   8.00   5.83   0.37   3.04
135   8.00   5.83   0.37   3.04

136   8.00   5.83   0.37   3.04
137   3.14   0.05   -1.87  5.98
138   4.30   1.09   -1.83  4.77
139   0.98   0.08   -0.52  7.67
140   1.05   0.79   0.24   7.84

141   1.15   0.05   -0.61  7.53
142   2.99   2.30   1.88   8.14
143   2.25   0.27   -1.05  6.53
144   6.45   1.48   -2.45  2.72
145   3.89   -0.23  -2.29  5.37

146   1.32   0.75   0.03   7.42
147   3.06   0.18   -1.51  5.85
148   2.64   1.94   1.79   8.36
149   2.00   0.57   -0.53  6.66
150   0.53   -0.13  -0.35  8.13

151   0.70   0.24   -0.08  7.85
152   3.18   1.08   -0.42  5.54
153   6.04   1.07   -1.73  2.81
154   5.52   0.76   -1.80  3.34
155   1.14   0.58   0.18   7.54

156   4.05   -0.81  -2.44  5.37
157   1.80   0.49   -0.27  6.79
158   1.22   0.24   -0.26  7.33
159   0.96   -0.23  -0.59  7.78
160   1.19   0.81   0.75   8.07

161   1.52   0.94   0.78   7.60
162   6.50   4.26   4.21   5.97
163   6.50   4.26   4.21   5.97
164   6.50   4.26   4.21   5.97
165   6.50   4.26   4.21   5.97

166   6.50   4.26   4.21   5.97
167   3.04   1.60   2.36   9.54
168   0.74   0.27   0.07   7.81
169   0.97   0.25   -0.03  7.56
170   4.39   -0.23  -1.65  4.44

171   2.63   0.65   -0.00  5.95
172   0.22   0.13   0.15   8.41
173   0.88   -0.10  -0.37  7.71
174   7.05   0.90   -0.78  1.55
175   7.05   0.90   -0.78  1.55

176   7.05   0.90   -0.78  1.55
177   7.05   0.90   -0.78  1.55
178   7.05   0.90   -0.78  1.55
179   7.05   0.90   -0.78  1.55
180   2.40   0.54   0.13   6.17

181   3.32   0.18   -0.55  5.23
182   2.18   1.16   1.29   7.18
183   0.51   0.30   0.40   8.40
184   1.22   0.52   0.53   7.53
185   0.34   0.08   0.05   8.17

186   1.37   0.16   0.01   7.14
187   0.93   0.07   -0.04  7.57
188   3.14   -0.10  -0.58  5.42
189   1.88   0.10   -0.09  6.62
190   0.62   0.07   0.03   7.88

191   4.78   0.68   0.57   3.80
192   1.87   -0.31  -0.63  6.77
193   0.21   0.04   0.06   8.30
194   1.47   0.45   0.65   7.26
195   2.20   -0.46  -0.80  6.50

196   1.08   0.40   0.61   7.71
197   0.40   0.06   0.10   8.12
198   0.23   0.04   0.06   8.28
199   1.21   0.40   0.65   7.56
200   7.15   -0.80  -1.21  1.50

201   8.24   0.55   1.11   0.35
202   8.24   0.55   1.10   0.35
203   8.24   0.55   1.11   0.35
204   8.24   0.55   1.11   0.35
205   8.24   0.55   1.11   0.35

206   5.50   0.16   0.37   3.01
207   5.50   0.16   0.37   3.01
208   5.50   0.16   0.37   3.01
209   5.50   0.16   0.37   3.01
210   5.50   0.16   0.37   3.01

211   4.40   0.13   0.29   4.11
212   5.50   0.16   0.37   3.01
213   5.50   0.16   0.37   3.01
214   5.50   0.16   0.37   3.01
215   5.50   0.16   0.37   3.01

216   4.40   0.13   0.29   4.11
217   4.38   0.13   0.29   4.13
218   5.50   0.16   0.37   3.01
219   8.70   0.26   0.58   -0.18
220   5.50   0.16   0.37   3.01

221   5.50   0.16   0.37   3.01
222   5.50   0.16   0.37   3.01
223   5.50   0.16   0.37   3.01
224   5.50   0.16   0.37   3.01
225   5.50   0.16   0.37   3.01

226   5.50   0.16   0.37   3.01
227   5.50   0.16   0.37   3.01
228   5.50   0.16   0.37   3.01
229   5.50   0.16   0.37   3.01
230   4.40   0.13   0.29   4.11

231   5.50   0.16   0.37   3.01
232   5.50   0.16   0.37   3.01
233   5.50   0.16   0.37   3.01
234   5.50   0.16   0.37   3.01
235   5.50   0.16   0.37   3.01

236   5.50   0.16   0.37   3.01
237   5.50   0.16   0.37   3.01
238   5.50   0.16   0.37   3.01
239   5.50   0.16   0.37   3.01
240   5.50   0.16   0.37   3.01

241   5.05   -0.10  -0.06  3.45
242   3.22   0.04   0.19   5.29
243   13.80  -1.20  -1.55  -5.16
244   13.80  -1.20  -1.55  -5.16
245   13.80  -1.20  -1.55  -5.16

246   1.09   -0.02  0.01   7.41
247   4.02   0.89   1.78   5.01
248   8.18   -0.86  -0.87  0.41
249   0.73   0.01   0.08   7.77
250   19.56  0.98   3.38   -10.74

251   8.13   -0.24  0.34   0.38
252   0.94   -0.23  -0.32  7.64
253   7.20   0.85   2.35   1.75
254   7.20   0.85   2.35   1.75
255   7.20   0.85   2.35   1.75

256   7.20   0.85   2.36   1.75
257   1.10   0.08   0.28   7.44
258   6.11   -0.49  -0.11  2.41
259   0.76   0.01   0.11   7.75
260   7.80   -0.53  0.14   0.72

261   7.80   -0.53  0.14   0.72
262   7.80   -0.53  0.14   0.72
263   7.80   0.92   2.75   1.26
264   0.80   -0.04  0.05   7.70
265   8.37   -0.52  0.30   0.15

266   3.88   0.87   2.08   5.34
267   1.33   0.49   1.01   7.78
268   2.79   -0.11  0.28   5.73
269   2.79   -0.11  0.28   5.73
270   2.36   0.68   1.59   6.89

271   3.51   -0.03  0.64   5.05
272   1.83   -0.08  0.23   6.69
273   3.01   -0.22  0.28   5.51
274   4.36   1.82   3.78   7.33
275   1.72   0.22   0.88   7.04

276   12.10  -1.67  0.58   -3.47
277   12.10  -1.67  0.58   -3.47
278   12.10  -1.67  0.58   -3.47
279   12.10  -1.67  0.58   -3.47
280   2.93   0.54   1.82   6.27

281   5.50   -0.53  0.74   3.08
282   5.50   -0.53  0.74   3.08
283   5.50   -0.53  0.74   3.08
284   5.50   -0.53  0.74   3.08
285   5.50   -0.53  0.74   3.08

286   5.50   -0.53  0.74   3.08
287   5.50   -0.53  0.74   3.08
288   5.50   -0.53  0.74   3.08
289   5.50   -0.53  0.74   3.08
290   5.50   -0.53  0.74   3.08

291   5.50   -0.53  0.74   3.08
292   3.86   0.28   1.75   5.07
293   2.73   -0.27  0.40   5.81
294   1.00   0.14   0.58   7.70
295   2.50   0.01   0.98   6.20

296   3.45   0.18   1.72   5.52
297   10.70  -2.11  0.28   -1.99
298   3.20   -0.42  0.54   5.37
299   3.20   -0.42  0.54   5.37
300   5.01   -0.05  2.17   3.98

301   4.23   0.22   2.31   4.96
302   1.26   -0.07  0.47   7.33
303   3.47   -0.29  1.11   5.23
304   4.36   0.16   2.39   4.86
305   3.39   0.06   1.90   5.69

306   12.31  0.30   7.11   -1.55
307   1.32   0.12   0.93   7.57
308   5.13   -0.68  1.77   3.73
309   1.20   0.06   0.81   7.61
310   0.92   -0.18  0.21   7.62

311   4.80   -0.06  2.88   4.66
312   5.30   -0.09  3.18   4.26
313   1.65   -0.63  -0.38  7.02
314   6.12   -0.11  3.71   3.63
315   0.93   -0.42  -0.48  7.82

316   4.40   -0.06  2.76   5.07
317   14.45  -0.56  8.53   -3.15
318   1.06   -0.02  0.65   7.67
319   4.48   -0.23  2.60   4.86
320   4.09   -0.08  2.58   5.32

321   2.59   0.25   2.08   6.97
322   1.14   -0.38  -0.01  7.43
323   1.08   0.03   0.78   7.76
324   4.55   -1.98  -1.63  4.74
325   1.63   -0.71  -0.59  7.15

326   1.63   -0.71  -0.59  7.15
327   1.63   -0.71  -0.59  7.15
328   1.63   -0.71  -0.59  7.15
329   9.50   -0.65  5.59   0.84
330   9.50   -0.65  5.59   0.84

331   1.07   -0.18  0.45   7.54
332   1.36   0.04   1.00   7.58
333   5.86   -0.20  3.84   4.08
334   4.61   -0.01  3.23   5.21
335   7.14   0.02   5.07   3.47

336   8.47   -0.27  5.64   2.19
337   1.11   -0.18  0.55   7.55
338   5.09   -0.53  3.10   4.50
339   2.43   0.10   1.95   7.06
340   1.20   0.10   1.02   7.88

341   6.08   -0.24  4.55   4.48
342   3.27   0.17   2.81   6.83
343   4.07   -0.07  3.26   6.06
344   0.65   -0.31  -0.25  7.99
345   2.31   -0.06  1.85   7.12

346   3.26   -0.12  2.61   6.55
347   6.30   -0.08  5.24   5.00
348   3.38   1.16   3.15   8.94
349   3.50   -0.02  2.95   6.62
350   6.77   -0.09  5.77   4.96

351   1.22   -0.16  0.89   7.68
352   7.60   -0.09  6.51   4.57
353   3.51   -0.12  2.96   6.62
354   6.94   0.57   6.47   6.05
355   1.15   -0.57  -0.28  7.54

356   1.10   -0.39  0.38   7.54
357   7.47   0.33   6.86   5.57
358   7.27   -0.15  6.36   4.99
359   10.03  -0.07  8.96   3.99
360   3.00   0.15   2.79   7.41

361   6.00   -0.48  5.00   5.22
362   8.18   -0.22  7.27   4.75
363   6.30   0.05   5.75   5.92
364   5.30   1.72   4.94   9.34
365   2.66   -0.09  2.36   7.28

366   1.40   -0.11  1.20   7.79
367   7.10   -0.33  6.46   5.58
368   1.96   -0.78  0.88   6.93
369   6.45   -0.15  6.02   6.19
370   1.40   -0.39  1.01   7.61

371   1.44   -0.64  0.59   7.35
372   1.16   -0.13  1.04   8.01
373   1.74   -0.40  1.48   7.67
374   0.64   -0.25  0.44   8.11
375   1.56   -0.41  1.33   7.79

376   5.63   -0.39  5.49   7.32
377   2.79   -0.94  2.20   7.07
378   1.47   -0.74  0.80   7.52
379   3.92   -1.34  3.16   6.61
380   3.81   0.09   3.80   8.29

381   4.59   -0.34  4.52   7.75
382   3.11   0.22   3.09   8.77
383   0.41   -0.29  0.05   8.22
384   1.83   -1.10  1.10   7.54
385   14.20  -6.52  11.44  3.17

386   14.20  -6.52  11.44  3.17
387   14.20  -6.52  11.44  3.17
388   14.20  -6.51  11.44  3.17
389   14.20  -6.52  11.44  3.17
390   14.20  -6.52  11.44  3.17

391   3.20   -2.21  -0.87  6.35
392   9.20   -6.71  2.87   2.90
393   9.20   -6.71  2.87   2.90
394   1.66   -1.22  -0.32  7.42
395   0.61   -0.41  0.34   8.19

396   0.60   -0.22  0.56   8.47
397   2.77   -0.20  2.72   8.97
398   0.27   -0.19  0.16   8.41
399   1.80   -0.80  1.61   8.44
400   0.97   -0.66  0.68   8.29

401   0.77   -0.50  0.57   8.36
402   2.05   -1.63  -0.54  7.38
403   0.75   -0.61  -0.17  8.10
404   2.08   -1.77  0.94   7.94
405   0.86   -0.21  0.81   8.69

406   1.56   -1.32  0.78   8.21
407   2.16   -1.46  1.60   8.54
408   1.01   -0.61  0.80   8.59
409   0.23   -0.21  0.04   8.43
410   1.10   -0.98  0.50   8.42